3229 [3229, 0, -1, 41362344738914.484]
3211 [3211, -1, 0, 39805963912874.164]
3209 [3209, 0, -1, 39805963912874.164]
3204 [3204, -1, 0, 39302702826911.59]
3200 [3200, 0, -1, 39302702826911.59]
3197 [3197, 3, 0, 38606918752169.414]
3181 [3181, 0, 3, 38062295447811.04]
3172 [3172, 1, 0, 37677214085688.53]
3166 [3166, 0, 1, 36697855129094.516]
3153 [3153, -1, 0, 34301830200051.863]
3147 [3147, 1, -1, 34301830200051.863]
3131 [3131, -1, 1, 32939094533902.074]
3126 [3126, 3, -1, 32939094533902.074]
3115 [3115, 0, 3, 32267696345184.78]
3109 [3109, 1, 0, 32106163283232.586]
3090 [3090, -1, 1, 30379905435222.78]
3089 [3089, 0, -1, 30379905435222.78]
3050 [3050, -1, 0, 26364882585519.254]
3048 [3048, 0, -1, 26364882585519.254]
3044 [3044, -1, 0, 25006573838247.613]
3039 [3039, 1, -1, 25006573838247.613]
3031 [3031, -1, 1, 24766825147305.14]
3030 [3030, 0, -1, 24766825147305.14]
3024 [3024, 2, 0, 23730823137374.117]
3014 [3014, -1, 2, 23305019844316.88]
3013 [3013, 0, -1, 23305019844316.88]
3006 [3006, -1, 0, 22023306217352.547]
3005 [3005, 1, -1, 22023306217352.547]
2997 [2997, 0, 1, 21149821298548.695]
2994 [2994, 3, 0, 20874973005034.17]
2983 [2983, -1, 3, 19963445953601.85]
2979 [2979, 0, -1, 19963445953601.85]
2970 [2970, -1, 0, 19846901781801.344]
2964 [2964, 1, -1, 19846901781801.344]
2949 [2949, -1, 1, 19240187490733.945]
2948 [2948, 0, -1, 19240187490733.945]
2942 [2942, -1, 0, 19129469806765.324]
2939 [2939, 0, -1, 19129469806765.324]
2921 [2921, 1, 0, 18395749872612.812]
2918 [2918, -1, 1, 18034801043705.06]
2911 [2911, 0, -1, 18034801043705.06]
2901 [2901, 3, 0, 17761431668923.266]
2891 [2891, -1, 3, 16573520560942.584]
2889 [2889, 0, -1, 16573520560942.584]
2882 [2882, -1, 0, 16168973210675.742]
2880 [2880, 1, -1, 16168973210675.742]
2870 [2870, 0, 1, 14854936724781.094]
2864 [2864, 1, 0, 14454473098176.346]
2855 [2855, 0, 1, 13518679179176.441]
2854 [2854, -1, 0, 13357662166740.016]
2844 [2844, 0, -1, 13357662166740.016]
2838 [2838, -1, 0, 12939552956133.143]
2835 [2835, 0, -1, 12939552956133.143]
2832 [2832, 1, 0, 12784596227451.582]
2829 [2829, 0, 1, 12401651414728.45]
2824 [2824, 1, 0, 11854095833815.453]
2823 [2823, 3, 1, 11853590935936.21]
2797 [2797, 1, 3, 10467975181052.125]
2788 [2788, 3, 1, 10175983745336.416]
2782 [2782, 1, 3, 9920767144196.283]
2780 [2780, -1, 1, 9713774863861.693]
2778 [2778, 1, -1, 9713774863861.693]
2759 [2759, 3, 1, 8199648646558.994]
2756 [2756, -1, 3, 8067239868972.309]
2754 [2754, 1, -1, 8067239868972.309]
2749 [2749, -1, 1, 7738445630610.276]
2743 [2743, 1, -1, 7738445630610.276]
2741 [2741, -1, 1, 7644692693125.504]
2740 [2740, 3, -1, 7644692693125.504]
2737 [2737, -1, 3, 7520569161595.942]
2732 [2732, 1, -1, 7520569161595.942]
2730 [2730, -1, 1, 7336206303031.689]
2729 [2729, 3, -1, 7336206303031.689]
2703 [2703, -1, 3, 6502435074041.399]
2696 [2696, 1, -1, 6502435074041.399]
2687 [2687, 3, 1, 6100604387089.304]
2685 [2685, -1, 3, 6076934514219.941]
2683 [2683, 3, -1, 6076934514219.941]
2680 [2680, -1, 3, 5744039947384.72]
2678 [2678, 1, -1, 5744039947384.72]
2675 [2675, -1, 1, 5625624588235.129]
2666 [2666, 1, -1, 5625624588235.129]
2663 [2663, -1, 1, 5624879344363.124]
2662 [2662, 3, -1, 5624879344363.124]
2659 [2659, 1, 3, 5606734611065.902]
2649 [2649, 3, 1, 5298193123792.493]
2646 [2646, 2, 3, 5242688448212.981]
2639 [2639, -1, 2, 5184631839948.359]
2636 [2636, 3, -1, 5184631839948.359]
2626 [2626, 0, 3, 5151642255170.0]
2617 [2617, -1, 0, 5085591224187.973]
2614 [2614, 1, -1, 5085591224187.973]
2605 [2605, 3, 1, 5017556723821.559]
2603 [2603, -1, 3, 5014922844153.359]
2591 [2591, 1, -1, 5014922844153.359]
2587 [2587, -1, 1, 4896858819599.237]
2586 [2586, 0, -1, 4896858819599.237]
2571 [2571, 3, 0, 4770848556535.36]
2564 [2564, -1, 3, 4677132773508.938]
2562 [2562, 1, -1, 4677132773508.938]
2559 [2559, -1, 1, 4611783443892.014]
2556 [2556, 1, -1, 4611783443892.014]
2549 [2549, 3, 1, 4421585233692.053]
2537 [2537, 2, 3, 4234001615068.618]
2531 [2531, 3, 2, 4176343755094.7007]
2527 [2527, 2, 3, 4083346873076.453]
2512 [2512, 1, 2, 3948535307057.402]
2494 [2494, 2, 1, 3525505648170.9673]
2489 [2489, -1, 2, 3483168392537.469]
2483 [2483, 1, -1, 3483168392537.469]
2481 [2481, -1, 1, 3417312682943.081]
2477 [2477, 1, -1, 3417312682943.081]
2476 [2476, 3, 1, 3312699498399.0483]
2465 [2465, -1, 3, 3064783477136.108]
2462 [2462, 1, -1, 3064783477136.108]
2460 [2460, -1, 1, 3017326399919.8755]
2459 [2459, 2, -1, 3017326399919.8755]
2449 [2449, 1, 2, 2967876845849.6606]
2437 [2437, -1, 1, 2853702638981.089]
2434 [2434, 0, -1, 2853702638981.089]
2416 [2416, -1, 0, 2616424147125.827]
2414 [2414, 0, -1, 2616424147125.827]
2407 [2407, -1, 0, 2603759121838.723]
2403 [2403, 0, -1, 2603759121838.723]
2392 [2392, 3, 0, 2546942862115.0117]
2363 [2363, 1, 3, 2445484334313.6323]
2350 [2350, -1, 1, 2314959261960.3516]
2347 [2347, 0, -1, 2314959261960.3516]
2341 [2341, 3, 0, 2262074128062.8037]
2335 [2335, 0, 3, 2210439635928.258]
2322 [2322, -1, 0, 2040768811491.1604]
2317 [2317, 1, -1, 2040768811491.1604]
2308 [2308, 0, 1, 1989552904085.8604]
2307 [2307, 3, 0, 1982012415489.068]
2287 [2287, 1, 3, 1842011346446.7131]
2267 [2267, 0, 1, 1693029680330.5903]
2262 [2262, 1, 0, 1656803373551.3806]
2260 [2260, 3, 1, 1635120561387.5847]
2254 [2254, 1, 3, 1606570490853.1099]
2251 [2251, -1, 1, 1591566227897.7676]
2250 [2250, 0, -1, 1591566227897.7676]
2228 [2228, 1, 0, 1424493831816.1343]
2226 [2226, -1, 1, 1416806646966.8567]
2222 [2222, 3, -1, 1416806646966.8567]
2207 [2207, 0, 3, 1324731712861.6233]
2205 [2205, -1, 0, 1261536498052.3618]
2202 [2202, 1, -1, 1261536498052.3618]
2194 [2194, -1, 1, 1202131100421.0889]
2193 [2193, 3, -1, 1202131100421.0889]
2178 [2178, 2, 3, 1138581062001.3813]
2174 [2174, 1, 2, 1120850130619.4663]
2172 [2172, -1, 1, 1084021016565.6377]
2159 [2159, 1, -1, 1084021016565.6377]
2145 [2145, 3, 1, 979826936703.6908]
2133 [2133, 1, 3, 919855397494.3876]
2122 [2122, 3, 1, 840429460654.016]
2120 [2120, -1, 3, 833675698373.569]
2119 [2119, 1, -1, 833675698373.569]
2117 [2117, -1, 1, 804708419520.9576]
2110 [2110, 3, -1, 804708419520.9576]
2087 [2087, -1, 3, 738409715308.1276]
2082 [2082, 3, -1, 738409715308.1276]
2078 [2078, -1, 3, 728409705957.1744]
2076 [2076, 1, -1, 728409705957.1744]
2065 [2065, -1, 1, 670248341218.5251]
2064 [2064, 0, -1, 670248341218.5251]
2062 [2062, -1, 0, 661658568105.6703]
2060 [2060, 3, -1, 661658568105.6703]
2050 [2050, -1, 3, 634926140889.3645]
2047 [2047, 0, -1, 634926140889.3645]
2045 [2045, -1, 0, 625747465345.0743]
2040 [2040, 0, -1, 625747465345.0743]
2032 [2032, 1, 0, 597385778001.2292]
2028 [2028, 3, 1, 586833677775.0872]
2012 [2012, 2, 3, 548591153459.2033]
2005 [2005, 3, 2, 546066535189.3034]
2003 [2003, -1, 3, 540162891198.80585]
2002 [2002, 0, -1, 540162891198.80585]
1990 [1990, -1, 0, 501838843473.37067]
1988 [1988, 3, -1, 501838843473.37067]
1983 [1983, -1, 3, 483996968521.12836]
1969 [1969, 1, -1, 483996968521.12836]
1965 [1965, -1, 1, 480880453174.7152]
1964 [1964, 3, -1, 480880453174.7152]
1961 [1961, -1, 3, 475614761973.8243]
1959 [1959, 1, -1, 475614761973.8243]
1955 [1955, -1, 1, 466995056054.8605]
1954 [1954, 0, -1, 466995056054.8605]
1941 [1941, 3, 0, 451022483205.5423]
1934 [1934, -1, 3, 433428592008.23773]
1932 [1932, 2, -1, 433428592008.23773]
1922 [1922, 1, 2, 425315261407.1029]
1912 [1912, 3, 1, 400633279779.66534]
1911 [1911, -1, 3, 397799441862.93787]
1907 [1907, 3, -1, 397799441862.93787]
1905 [1905, 1, 3, 386782073146.2065]
1901 [1901, 3, 1, 385216823189.87524]
1896 [1896, 2, 3, 376348767575.7095]
1890 [1890, 3, 2, 374759227460.95166]
1884 [1884, -1, 3, 358861473764.5288]
1880 [1880, 3, -1, 358861473764.5288]
1869 [1869, 1, 3, 335079867792.40643]
1868 [1868, 2, 1, 331386473899.5375]
1865 [1865, 3, 2, 328602759263.429]
1859 [1859, 1, 3, 321322205262.2848]
1853 [1853, 0, 1, 319470169709.7379]
1849 [1849, 1, 0, 315527257169.49365]
1846 [1846, 3, 1, 305931052994.82166]
1840 [1840, 1, 3, 300077624180.70807]
1838 [1838, -1, 1, 293902472925.3712]
1836 [1836, 3, -1, 293902472925.3712]
1835 [1835, -1, 3, 293815122677.89636]
1834 [1834, 0, -1, 293815122677.89636]
1812 [1812, 3, 0, 271492919556.3047]
1807 [1807, -1, 3, 262491355625.91995]
1802 [1802, 1, -1, 262491355625.91995]
1800 [1800, 3, 1, 258610942312.94028]
1783 [1783, -1, 3, 248789978760.9944]
1782 [1782, 0, -1, 248789978760.9944]
1779 [1779, 1, 0, 247198010027.9135]
1777 [1777, -1, 1, 243019479406.7712]
1776 [1776, 3, -1, 243019479406.7712]
1763 [1763, -1, 3, 230799776197.89758]
1762 [1762, 1, -1, 230799776197.89758]
1759 [1759, 3, 1, 223889385767.71613]
1755 [1755, 1, 3, 212541121463.79047]
1743 [1743, -1, 1, 198927568664.07687]
1742 [1742, 3, -1, 198927568664.07687]
1739 [1739, 0, 3, 182558886975.6689]
1732 [1732, -1, 0, 176095495390.2935]
1730 [1730, 3, -1, 176095495390.2935]
1728 [1728, -1, 3, 172500525637.00073]
1727 [1727, 3, -1, 172500525637.00073]
1722 [1722, 1, 3, 164364401380.1299]
1720 [1720, -1, 1, 163685622767.04547]
1719 [1719, 3, -1, 163685622767.04547]
1717 [1717, -1, 3, 156616106491.3548]
1716 [1716, 3, -1, 156616106491.3548]
1711 [1711, -1, 3, 150081857015.7532]
1710 [1710, 3, -1, 150081857015.7532]
1701 [1701, 1, 3, 129978753669.82104]
1697 [1697, 3, 1, 124648523730.95255]
1694 [1694, 2, 3, 119604754615.13202]
1690 [1690, 3, 2, 119358416628.16551]
1685 [1685, 1, 3, 112641372207.3345]
1683 [1683, 3, 1, 112554947948.72581]
1682 [1682, 1, 3, 110168784805.89629]
1679 [1679, 3, 1, 108437821209.95781]
1675 [1675, -1, 3, 102726961616.41475]
1674 [1674, 3, -1, 102726961616.41475]
1672 [1672, 0, 3, 97707286715.62842]
1667 [1667, 3, 0, 96279805180.54353]
1664 [1664, -1, 3, 88188964819.45787]
1663 [1663, 3, -1, 88188964819.45787]
1662 [1662, 1, 3, 83982191409.63486]
1658 [1658, 2, 1, 80655717898.52182]
1654 [1654, -1, 2, 78316969190.5985]
1653 [1653, 1, -1, 78316969190.5985]
1647 [1647, 0, 1, 72600893204.39275]
1645 [1645, 1, 0, 72233946816.34154]
1638 [1638, -1, 1, 65379125708.906334]
1637 [1637, 3, -1, 65379125708.906334]
1632 [1632, -1, 3, 61701266183.25321]
1631 [1631, 0, -1, 61701266183.25321]
1628 [1628, 1, 0, 61364778831.12022]
1618 [1618, -1, 1, 57043306095.766235]
1617 [1617, 0, -1, 57043306095.766235]
1612 [1612, -1, 0, 56324478418.348625]
1607 [1607, 0, -1, 56324478418.348625]
1603 [1603, -1, 0, 55563950292.87492]
1600 [1600, 0, -1, 55563950292.87492]
1593 [1593, 3, 0, 55311610811.71713]
1585 [1585, 0, 3, 53021968846.47333]
1575 [1575, -1, 0, 50879214939.74456]
1574 [1574, 1, -1, 50879214939.74456]
1571 [1571, 3, 1, 49466974612.840645]
1562 [1562, -1, 3, 47074393520.50575]
1560 [1560, 1, -1, 47074393520.50575]
1555 [1555, 0, 1, 46247932658.77793]
1537 [1537, 3, 0, 42548591694.46457]
1530 [1530, 0, 3, 41149487183.94546]
1528 [1528, 1, 0, 40785597381.67071]
1510 [1510, 0, 1, 38061978083.81211]
1508 [1508, 3, 0, 37878634931.59071]
1489 [1489, 0, 3, 35083088931.547325]
1486 [1486, 3, 0, 34846153082.6599]
1485 [1485, 2, 3, 34780449356.98086]
1479 [1479, -1, 2, 34206776415.74802]
1474 [1474, 1, -1, 34206776415.74802]
1472 [1472, 3, 1, 33646931736.70137]
1466 [1466, 0, 3, 32716021445.10282]
1456 [1456, -1, 0, 31686718615.722183]
1455 [1455, 1, -1, 31686718615.722183]
1452 [1452, -1, 1, 30522479314.372646]
1450 [1450, 3, -1, 30522479314.372646]
1449 [1449, 1, 3, 30207549860.329124]
1447 [1447, 0, 1, 29903208007.998512]
1436 [1436, 3, 0, 28728834958.942772]
1432 [1432, 0, 3, 28446406443.15199]
1429 [1429, 3, 0, 27602858127.351376]
1426 [1426, 0, 3, 25948023555.52619]
1421 [1421, 1, 0, 25345648560.816784]
1415 [1415, 2, 1, 24732336497.627956]
1413 [1413, 0, 2, 24359634311.528008]
1409 [1409, -1, 0, 23900564154.001507]
1407 [1407, 3, -1, 23900564154.001507]
1404 [1404, 0, 3, 23484121695.40224]
1400 [1400, 3, 0, 23389228008.971203]
1397 [1397, 0, 3, 22367888263.179577]
1394 [1394, -1, 0, 21880811643.03102]
1393 [1393, 3, -1, 21880811643.03102]
1385 [1385, -1, 3, 19930205572.08464]
1384 [1384, 2, -1, 19930205572.08464]
1372 [1372, 3, 2, 18997353031.909588]
1366 [1366, 2, 3, 17627167779.257965]
1364 [1364, 3, 2, 17514189105.08746]
1362 [1362, -1, 3, 17064600421.54017]
1360 [1360, 3, -1, 17064600421.54017]
1359 [1359, -1, 3, 16525994704.694258]
1358 [1358, 0, -1, 16525994704.694258]
1356 [1356, 1, 0, 16400388826.959257]
1350 [1350, -1, 1, 16064723493.820326]
1349 [1349, 3, -1, 16064723493.820326]
1346 [1346, -1, 3, 15078498969.717022]
1343 [1343, 1, -1, 15078498969.717022]
1337 [1337, 0, 1, 14631743131.371178]
1332 [1332, -1, 0, 14256648541.475042]
1330 [1330, 1, -1, 14256648541.475042]
1313 [1313, 0, 1, 12996596579.537949]
1307 [1307, 1, 0, 12750324184.981445]
1297 [1297, 2, 1, 11993987121.753214]
1291 [1291, 3, 2, 11709397901.986586]
1284 [1284, 0, 3, 11097730672.902668]
1280 [1280, 3, 0, 10708298384.70058]
1278 [1278, 1, 3, 10459550039.287077]
1276 [1276, -1, 1, 10413185075.873983]
1272 [1272, 1, -1, 10413185075.873983]
1267 [1267, 0, 1, 10010165021.61414]
1264 [1264, 3, 0, 9320096545.608479]
1259 [1259, -1, 3, 9108529387.832327]
1257 [1257, 0, -1, 9108529387.832327]
1253 [1253, -1, 0, 8870313358.95194]
1252 [1252, 0, -1, 8870313358.95194]
1247 [1247, 3, 0, 8499925098.295003]
1244 [1244, 0, 3, 8447639886.871997]
1243 [1243, 1, 0, 8212582941.256276]
1240 [1240, 0, 1, 7965738253.811034]
1239 [1239, -1, 0, 7855266659.456649]
1237 [1237, 0, -1, 7855266659.456649]
1236 [1236, 1, 0, 7792043325.895221]
1235 [1235, 0, 1, 7783740634.582298]
1226 [1226, -1, 0, 6907153042.06058]
1225 [1225, 3, -1, 6907153042.06058]
1222 [1222, 0, 3, 6741727896.799565]
1220 [1220, 1, 0, 6467468448.056616]
1217 [1217, 2, 1, 6312173203.015718]
1216 [1216, 3, 2, 6283601652.006514]
1215 [1215, 0, 3, 6194016050.326643]
1211 [1211, 1, 0, 5899723076.0467825]
1208 [1208, 0, 1, 5843906576.580732]
1207 [1207, -1, 0, 5689833517.524717]
1206 [1206, 3, -1, 5689833517.524717]
1204 [1204, 0, 3, 5616568164.196143]
1200 [1200, 1, 0, 5357066487.04851]
1199 [1199, 0, 1, 5291535083.446181]
1196 [1196, -1, 0, 5058700897.951833]
1193 [1193, 3, -1, 5058700897.951833]
1192 [1192, 0, 3, 5014721119.925034]
1189 [1189, -1, 0, 4660649109.359988]
1188 [1188, 0, -1, 4660649109.359988]
1187 [1187, -1, 0, 4566981263.96078]
1185 [1185, 3, -1, 4566981263.96078]
1176 [1176, 1, 3, 4135015833.944305]
1174 [1174, 2, 1, 4115800172.2129636]
1168 [1168, 3, 2, 3981916584.562347]
1165 [1165, 0, 3, 3809561312.53944]
1158 [1158, 1, 0, 3595745329.367113]
1155 [1155, 3, 1, 3463373981.396877]
1153 [1153, 2, 3, 3422350272.0616355]
1149 [1149, 3, 2, 3209370793.940136]
1138 [1138, 2, 3, 2684230353.968111]
1135 [1135, 1, 2, 2626373878.047731]
1132 [1132, -1, 1, 2572378560.52881]
1130 [1130, 3, -1, 2572378560.52881]
1126 [1126, 2, 3, 2455469254.5849066]
1123 [1123, -1, 2, 2353994778.9202065]
1122 [1122, 1, -1, 2353994778.9202065]
1119 [1119, 2, 1, 2306089439.093098]
1115 [1115, 0, 2, 2236498175.659363]
1110 [1110, 3, 0, 2185229607.8140697]
1107 [1107, -1, 3, 2018337423.1045702]
1106 [1106, 3, -1, 2018337423.1045702]
1105 [1105, -1, 3, 1966079018.9926593]
1103 [1103, 2, -1, 1966079018.9926593]
1101 [1101, 3, 2, 1941112848.1611633]
1100 [1100, -1, 3, 1881271525.2778642]
1099 [1099, 2, -1, 1881271525.2778642]
1094 [1094, 1, 2, 1838213299.7805731]
1093 [1093, 3, 1, 1827978227.7924862]
1087 [1087, -1, 3, 1625742002.6793942]
1085 [1085, 3, -1, 1625742002.6793942]
1081 [1081, -1, 3, 1541551672.179976]
1080 [1080, 3, -1, 1541551672.179976]
1078 [1078, 2, 3, 1510460572.216991]
1075 [1075, 3, 2, 1433899509.6191592]
1073 [1073, -1, 3, 1327355439.3374345]
1072 [1072, 1, -1, 1327355439.3374345]
1071 [1071, 3, 1, 1319263618.0133448]
1068 [1068, 2, 3, 1198745988.8856027]
1065 [1065, 3, 2, 1174191571.8679895]
1063 [1063, -1, 3, 1126718887.8520944]
1062 [1062, 3, -1, 1126718887.8520944]
1061 [1061, -1, 3, 996126159.7550809]
1060 [1060, 2, -1, 996126159.7550809]
1058 [1058, 3, 2, 929332444.3121845]
1052 [1052, -1, 3, 689731627.2839237]
1049 [1049, 3, -1, 689731627.2839237]
1048 [1048, -1, 3, 665426827.14626]
1047 [1047, 0, -1, 665426827.14626]
1043 [1043, 3, 0, 665207554.9689949]
1042 [1042, -1, 3, 625712787.9372311]
1041 [1041, 1, -1, 625712787.9372311]
1034 [1034, 2, 1, 582076839.3523598]
1032 [1032, 3, 2, 580484576.5231845]
1028 [1028, -1, 3, 535302181.36397177]
1027 [1027, 2, -1, 535302181.36397177]
1026 [1026, -1, 2, 533324317.3141603]
1025 [1025, 3, -1, 533324317.3141603]
1024 [1024, 2, 3, 510432314.20679927]
1023 [1023, -1, 2, 488281972.13541645]
1022 [1022, 1, -1, 488281972.13541645]
1021 [1021, -1, 1, 483839619.1891999]
1020 [1020, 3, -1, 483839619.1891999]
1019 [1019, 1, 3, 453536590.83595693]
1014 [1014, -1, 1, 415493849.7211019]
1013 [1013, 2, -1, 415493849.7211019]
1011 [1011, -1, 2, 398137782.2929165]
1010 [1010, 3, -1, 398137782.2929165]
1005 [1005, -1, 3, 355202769.8978464]
1004 [1004, 1, -1, 355202769.8978464]
1002 [1002, 2, 1, 337612049.8306865]
1000 [1000, 1, 2, 326954380.8818384]
999 [999, 2, 1, 323842574.9904338]
991 [991, 3, 2, 248666275.60161346]
989 [989, -1, 3, 224456207.63898656]
988 [988, 3, -1, 224456207.63898656]
986 [986, 2, 3, 202932040.98132858]
985 [985, 3, 2, 193054501.7928326]
980 [980, -1, 3, 137538305.8296653]
979 [979, 1, -1, 137538305.8296653]
975 [975, 3, 1, 129338291.081704]
974 [974, 1, 3, 117729424.26045024]
971 [971, 3, 1, 108808570.20279713]
970 [970, 2, 3, 104648180.73700292]
966 [966, 3, 2, 87419266.76275897]
964 [964, 2, 3, 83140961.95444831]
963 [963, 3, 2, 77748605.80118088]
962 [962, 1, 3, 64415634.29709895]
960 [960, 2, 1, 57726014.612835795]
959 [959, 0, 2, 56986166.91834466]
958 [958, 2, 0, 56816653.67201244]
956 [956, 1, 2, 46450320.05051356]
955 [955, 3, 1, 45319634.63806263]
954 [954, 0, 3, 42917953.318649895]
952 [952, 2, 0, 42376142.863650486]
951 [951, -1, 2, 30386547.260482468]
949 [949, 1, -1, 30386547.260482468]
948 [948, 2, 1, 28293022.341578376]
947 [947, -1, 2, 26295993.354868345]
944 [944, 2, -1, 26295993.354868345]
942 [942, 1, 2, 14531008.364814075]
941 [941, 3, 1, 14487058.380766286]
938 [938, 1, 3, 14352377.132674966]
937 [937, 2, 1, 14206828.170824613]
934 [934, -1, 2, 11473125.173033072]
933 [933, 3, -1, 11473125.173033072]
932 [932, -1, 3, 11413008.041871464]
931 [931, 1, -1, 11413008.041871464]
927 [927, 3, 1, 10182018.731698716]
925 [925, 0, 3, 10027749.9743763]
922 [922, -1, 0, 9621078.179586727]
921 [921, 3, -1, 9621078.179586727]
918 [918, 1, 3, 9464325.192948299]
916 [916, 0, 1, 8766491.650512265]
915 [915, 1, 0, 8713916.15591886]
911 [911, -1, 1, 7038202.736226828]
909 [909, 2, -1, 7038202.736226828]
908 [908, 3, 2, 7033218.732061935]
906 [906, 2, 3, 6877355.16588482]
905 [905, 3, 2, 6818749.451486177]
903 [903, -1, 3, 6642551.866069511]
901 [901, 2, -1, 6642551.866069511]
900 [900, 3, 2, 6631801.688435212]
898 [898, 2, 3, 6384887.003711713]
897 [897, 1, 2, 6381779.891142271]
896 [896, 2, 1, 6230575.2025391245]
895 [895, 1, 2, 6160197.029359799]
893 [893, 3, 1, 5935001.534007384]
889 [889, 0, 3, 5691754.224962494]
887 [887, -1, 0, 5562388.844578968]
885 [885, 0, -1, 5562388.844578968]
884 [884, 2, 0, 5422531.850257212]
882 [882, -1, 2, 5342635.581833781]
874 [874, 0, -1, 5342635.581833781]
871 [871, 2, 0, 5038842.700903442]
869 [869, 1, 2, 4996503.592881666]
865 [865, 0, 1, 4727729.230329087]
863 [863, -1, 0, 4722482.249527803]
862 [862, 1, -1, 4722482.249527803]
855 [855, -1, 1, 4376594.464618271]
854 [854, 1, -1, 4376594.464618271]
848 [848, 3, 1, 4231311.44144382]
844 [844, 1, 3, 4161302.679874819]
843 [843, 2, 1, 4093037.385217091]
841 [841, -1, 2, 4081442.2006081706]
840 [840, 1, -1, 4081442.2006081706]
838 [838, 2, 1, 4076565.5266256533]
833 [833, 1, 2, 3900036.135022044]
828 [828, 3, 1, 3579613.1444300315]
825 [825, 1, 3, 3493951.8796466338]
819 [819, 2, 1, 3364245.1694310736]
816 [816, 3, 2, 3276626.5146032004]
815 [815, 0, 3, 3179161.9420696436]
811 [811, 3, 0, 3103969.5521686254]
808 [808, 1, 3, 2990543.141096609]
807 [807, 3, 1, 2977235.904673177]
806 [806, 2, 3, 2860537.128725184]
805 [805, 0, 2, 2838062.0356432153]
803 [803, 2, 0, 2798249.061476206]
802 [802, 3, 2, 2740058.674504598]
801 [801, 1, 3, 2653384.1134534674]
797 [797, -1, 1, 2534789.507544105]
795 [795, 2, -1, 2534789.507544105]
793 [793, 1, 2, 2472856.1834174534]
791 [791, 3, 1, 2392056.552696484]
789 [789, 2, 3, 2375438.6394262845]
787 [787, 1, 2, 2350836.9101082]
782 [782, 2, 1, 2292347.5685109897]
780 [780, -1, 2, 2287570.8506661486]
779 [779, 1, -1, 2287570.8506661486]
778 [778, 0, 1, 2231795.3869681344]
776 [776, 3, 0, 2214519.3084006105]
771 [771, 2, 3, 2107692.188511386]
770 [770, 3, 2, 2076449.6639060988]
768 [768, 1, 3, 2021081.3478705126]
767 [767, -1, 1, 1986303.029677299]
766 [766, 2, -1, 1986303.029677299]
763 [763, 1, 2, 1970709.2875128228]
759 [759, -1, 1, 1897712.0487731104]
757 [757, 2, -1, 1897712.0487731104]
751 [751, 1, 2, 1763671.3058613183]
750 [750, 3, 1, 1735726.4447196778]
748 [748, 0, 3, 1717919.960244582]
747 [747, 2, 0, 1690342.8089647787]
744 [744, 1, 2, 1605382.1836388349]
739 [739, -1, 1, 1517538.6291479634]
738 [738, 3, -1, 1517538.6291479634]
736 [736, 1, 3, 1482983.8162624557]
733 [733, 3, 1, 1429268.8435697013]
730 [730, 2, 3, 1371534.4989390268]
729 [729, 3, 2, 1324498.6577797998]
728 [728, 0, 3, 1318827.6100724775]
722 [722, 3, 0, 1255463.3450119733]
721 [721, 1, 3, 1227837.479480139]
715 [715, -1, 1, 1192859.3305439563]
714 [714, 2, -1, 1192859.3305439563]
713 [713, -1, 2, 1186122.3993874923]
710 [710, 1, -1, 1186122.3993874923]
707 [707, -1, 1, 1121864.8263608834]
706 [706, 0, -1, 1121864.8263608834]
702 [702, -1, 0, 1069310.1615879086]
699 [699, 1, -1, 1069310.1615879086]
693 [693, 0, 1, 996472.9629352802]
691 [691, 1, 0, 976088.3889027531]
687 [687, -1, 1, 937065.1234936346]
686 [686, 2, -1, 937065.1234936346]
684 [684, -1, 2, 923633.544291818]
683 [683, 3, -1, 923633.544291818]
681 [681, 1, 3, 897611.3042898993]
677 [677, 0, 1, 884416.2227894631]
663 [663, 2, 0, 739681.9334970787]
661 [661, 3, 2, 729186.6122547673]
659 [659, -1, 3, 717237.5203155571]
658 [658, 1, -1, 717237.5203155571]
641 [641, 2, 1, 636132.4674592208]
635 [635, 0, 2, 628777.8909699688]
632 [632, 1, 0, 588301.0284282715]
631 [631, 0, 1, 587086.31085672]
629 [629, -1, 0, 579969.2435094134]
627 [627, 0, -1, 579969.2435094134]
625 [625, -1, 0, 557754.9015375979]
622 [622, 1, -1, 557754.9015375979]
619 [619, 2, 1, 544341.9416075768]
618 [618, 0, 2, 542146.0999814039]
609 [609, 1, 0, 482452.1586274394]
605 [605, 0, 1, 475293.7908799241]
603 [603, -1, 0, 448183.7839312059]
600 [600, 0, -1, 448183.7839312059]
598 [598, -1, 0, 420391.91754947515]
596 [596, 0, -1, 420391.91754947515]
592 [592, -1, 0, 376135.0022347755]
590 [590, 0, -1, 376135.0022347755]
586 [586, -1, 0, 329733.2862805976]
584 [584, 0, -1, 329733.2862805976]
576 [576, 2, 0, 244808.59204080628]
574 [574, 0, 2, 244682.46929853066]
573 [573, -1, 0, 237638.79922484118]
569 [569, 0, -1, 237638.79922484118]
567 [567, 3, 0, 222684.2806194713]
562 [562, -1, 3, 222639.39425755703]
559 [559, 1, -1, 222639.39425755703]
558 [558, -1, 1, 221814.54375445866]
557 [557, 0, -1, 221814.54375445866]
555 [555, 1, 0, 210139.4876885]
550 [550, 0, 1, 205256.8081789091]
544 [544, 2, 0, 182595.26649470234]
538 [538, 1, 2, 178293.28156001633]
533 [533, 0, 1, 173921.9793667617]
530 [530, -1, 0, 158551.99862730797]
529 [529, 1, -1, 158551.99862730797]
526 [526, -1, 1, 155106.11235023927]
523 [523, 0, -1, 155106.11235023927]
521 [521, 1, 0, 146394.64224414853]
517 [517, -1, 1, 139378.93764191426]
516 [516, 0, -1, 139378.93764191426]
514 [514, -1, 0, 125187.49925486723]
513 [513, 0, -1, 125187.49925486723]
511 [511, 1, 0, 115718.86045772168]
509 [509, 0, 1, 113851.19855337167]
505 [505, 1, 0, 87156.428848984]
502 [502, -1, 1, 85765.81351167541]
500 [500, 0, -1, 85765.81351167541]
499 [499, 1, 0, 78658.08467893224]
493 [493, 0, 1, 75306.91587398063]
492 [492, 1, 0, 73050.89491678054]
491 [491, 0, 1, 71603.44007319366]
488 [488, -1, 0, 60506.33564323869]
484 [484, 1, -1, 60506.33564323869]
481 [481, 0, 1, 59651.447216290944]
479 [479, -1, 0, 56442.91398328052]
477 [477, 0, -1, 56442.91398328052]
476 [476, 3, 0, 49468.981060150574]
469 [469, -1, 3, 49269.30331897313]
468 [468, 0, -1, 49269.30331897313]
467 [467, 3, 0, 43698.30367879566]
465 [465, 0, 3, 43617.71723901448]
464 [464, 1, 0, 43023.890881714426]
463 [463, 2, 1, 42572.57018437078]
461 [461, 0, 2, 42173.19304613268]
460 [460, 1, 0, 40367.31533127052]
455 [455, -1, 1, 38856.11630765924]
452 [452, 0, -1, 38856.11630765924]
451 [451, -1, 0, 38413.19718077182]
450 [450, 1, -1, 38413.19718077182]
449 [449, -1, 1, 37270.237225617944]
446 [446, 1, -1, 37270.237225617944]
437 [437, 3, 1, 33246.34839954922]
435 [435, 1, 3, 33129.00479527017]
434 [434, 2, 1, 32833.47601777651]
433 [433, 0, 2, 32721.541375751236]
432 [432, 1, 0, 31995.509795932445]
430 [430, 0, 1, 30948.212678027747]
428 [428, 3, 0, 30185.587655051204]
425 [425, 0, 3, 30125.5232347752]
423 [423, -1, 0, 29081.653217709427]
419 [419, 1, -1, 29081.653217709427]
413 [413, 2, 1, 27145.591439073043]
407 [407, -1, 2, 26244.812486194904]
403 [403, 1, -1, 26244.812486194904]
399 [399, 2, 1, 25013.3845777684]
393 [393, 1, 2, 24687.025731421658]
392 [392, 3, 1, 24259.311214471098]
391 [391, -1, 3, 24076.031312959316]
390 [390, 2, -1, 24076.031312959316]
388 [388, -1, 2, 23624.164765758607]
387 [387, 2, -1, 23624.164765758607]
379 [379, 1, 2, 22523.508076371832]
373 [373, 0, 1, 21006.93263239116]
370 [370, 1, 0, 20891.219005911596]
369 [369, -1, 1, 20586.03745660405]
367 [367, 1, -1, 20586.03745660405]
363 [363, 0, 1, 18978.744625955616]
362 [362, -1, 0, 18826.021391469905]
361 [361, 1, -1, 18826.021391469905]
356 [356, 3, 1, 16433.53263707698]
354 [354, 0, 3, 16249.01077983798]
351 [351, 1, 0, 15672.597104242423]
349 [349, -1, 1, 15025.42745418084]
348 [348, 1, -1, 15025.42745418084]
346 [346, -1, 1, 14340.598011258211]
344 [344, 0, -1, 14340.598011258211]
340 [340, -1, 0, 13817.016636527813]
338 [338, 1, -1, 13817.016636527813]
337 [337, -1, 1, 13766.11231917896]
336 [336, 0, -1, 13766.11231917896]
331 [331, 1, 0, 12803.212327332682]
330 [330, -1, 1, 12798.574909322704]
329 [329, 0, -1, 12798.574909322704]
326 [326, 1, 0, 12461.775132377536]
325 [325, 3, 1, 12403.321800821941]
324 [324, -1, 3, 12358.651675657004]
323 [323, 1, -1, 12358.651675657004]
313 [313, -1, 1, 10342.773378729162]
312 [312, 1, -1, 10342.773378729162]
310 [310, -1, 1, 9976.855618982272]
309 [309, 1, -1, 9976.855618982272]
308 [308, -1, 1, 9571.308523969929]
307 [307, 1, -1, 9571.308523969929]
302 [302, -1, 1, 8599.50870146834]
301 [301, 0, -1, 8599.50870146834]
296 [296, -1, 0, 8211.579098215127]
294 [294, 1, -1, 8211.579098215127]
289 [289, -1, 1, 7414.894845556619]
287 [287, 2, -1, 7414.894845556619]
283 [283, 1, 2, 7317.198973335092]
280 [280, -1, 1, 7138.5401228676865]
274 [274, 1, -1, 7138.5401228676865]
269 [269, -1, 1, 6804.536886013797]
268 [268, 1, -1, 6804.536886013797]
264 [264, 0, 1, 6591.1484413750795]
261 [261, -1, 0, 6491.5331648396905]
260 [260, 1, -1, 6491.5331648396905]
258 [258, 0, 1, 6282.81646047888]
257 [257, 3, 0, 6100.702358326891]
252 [252, 1, 3, 5912.47699444938]
251 [251, -1, 1, 5829.198953939176]
250 [250, 2, -1, 5829.198953939176]
247 [247, 0, 2, 5727.911356607909]
246 [246, -1, 0, 5655.728104619405]
245 [245, 1, -1, 5655.728104619405]
244 [244, -1, 1, 5484.678769544587]
242 [242, 1, -1, 5484.678769544587]
236 [236, 0, 1, 5007.137205944292]
234 [234, 1, 0, 4979.849655590965]
226 [226, 2, 1, 4332.155453581854]
220 [220, 1, 2, 4199.753332133456]
212 [212, 3, 1, 3733.2976018195095]
208 [208, 0, 3, 3630.198602766295]
206 [206, 1, 0, 3557.755190924231]
196 [196, 0, 1, 3141.781504003849]
193 [193, -1, 0, 3099.478664503509]
191 [191, 0, -1, 3099.478664503509]
185 [185, 1, 0, 2929.122956675661]
184 [184, -1, 1, 2915.411322009111]
182 [182, 2, -1, 2915.411322009111]
179 [179, 0, 2, 2905.8013038003646]
174 [174, 1, 0, 2871.1019848726464]
173 [173, -1, 1, 2814.6294129288226]
172 [172, 3, -1, 2814.6294129288226]
170 [170, -1, 3, 2812.671557100146]
168 [168, 2, -1, 2812.671557100146]
163 [163, 1, 2, 2731.285620518016]
148 [148, -1, 1, 2269.7726368628914]
142 [142, 0, -1, 2269.7726368628914]
136 [136, 1, 0, 2240.244398004627]
133 [133, 3, 1, 2150.0063962573518]
129 [129, 1, 3, 2124.1006787470865]
123 [123, -1, 1, 2006.325736430626]
122 [122, 2, -1, 2006.325736430626]
117 [117, -1, 2, 1922.9607051428782]
116 [116, 0, -1, 1922.9607051428782]
105 [105, 2, 0, 1898.5690041552966]
97 [97, 1, 2, 1766.9115637700847]
85 [85, 3, 1, 1591.990130068474]
81 [81, 2, 3, 1550.982752419329]
76 [76, 3, 2, 1485.313669811285]
75 [75, 2, 3, 1468.6986475602528]
66 [66, 3, 2, 1380.1491167969984]
62 [62, 2, 3, 1374.110659337149]
55 [55, 1, 2, 1324.5101666536561]
52 [52, -1, 1, 1280.103801253075]
51 [51, 1, -1, 1280.103801253075]
44 [44, 3, 1, 1268.9890419853741]
35 [35, -1, 3, 1225.3925453290774]
29 [29, 1, -1, 1225.3925453290774]
23 [23, -1, 1, 1156.3955414502982]
22 [22, 3, -1, 1156.3955414502982]
16 [16, 1, 3, 1142.1197874654326]
7 [7, -1, 1, 1018.0309132147077]
1 [1, 2, -1, 1018.0309132147077]
0 [0, -1, 2, 1000.0]

