[7, -1, 1, 1018.0309132147077]
[23, -1, 1, 1156.395541450298]
[35, -1, 3, 1225.392545329077]
[52, -1, 1, 1280.1038012530746]
[117, -1, 2, 1922.9607051428782]
[123, -1, 1, 2006.3257364306262]
[148, -1, 1, 2269.772636862891]
[173, -1, 1, 2814.629412928822]
[184, -1, 1, 2915.411322009109]
[193, -1, 0, 3099.4786645035074]
[244, -1, 1, 5484.678769544583]
[246, -1, 0, 5655.728104619399]
[251, -1, 1, 5829.1989539391725]
[261, -1, 0, 6491.533164839687]
[269, -1, 1, 6804.536886013793]
[280, -1, 1, 7138.540122867682]
[289, -1, 1, 7414.894845556614]
[296, -1, 0, 8211.57909821512]
[302, -1, 1, 8599.508701468334]
[308, -1, 1, 9571.308523969921]
[310, -1, 1, 9976.855618982265]
[313, -1, 1, 10342.773378729155]
[324, -1, 3, 12358.651675656998]
[330, -1, 1, 12798.5749093227]
[340, -1, 0, 13817.01663652781]
[346, -1, 1, 14340.59801125821]
[349, -1, 1, 15025.42745418084]
[362, -1, 0, 18826.021391469912]
[369, -1, 1, 20586.037456604055]
[388, -1, 2, 23624.164765758607]
[391, -1, 3, 24076.031312959316]
[407, -1, 2, 26244.81248619491]
[423, -1, 0, 29081.65321770944]
[449, -1, 1, 37270.23722561797]
[455, -1, 1, 38856.116307659264]
[469, -1, 3, 49269.30331897317]
[479, -1, 0, 56442.91398328058]
[488, -1, 0, 60506.33564323876]
[502, -1, 1, 85765.81351167551]
[514, -1, 0, 125187.49925486736]
[517, -1, 1, 139378.9376419144]
[526, -1, 1, 155106.11235023945]
[530, -1, 0, 158551.99862730814]
[562, -1, 3, 222639.39425755732]
[573, -1, 0, 237638.79922484152]
[586, -1, 0, 329733.2862805981]
[592, -1, 0, 376135.0022347761]
[598, -1, 0, 420391.91754947585]
[603, -1, 0, 448183.78393120656]
[625, -1, 0, 557754.9015375988]
[629, -1, 0, 579969.2435094144]
[659, -1, 3, 717237.5203155583]
[687, -1, 1, 937065.1234936358]
[702, -1, 0, 1069310.1615879098]
[707, -1, 1, 1121864.8263608846]
[715, -1, 1, 1192859.3305439574]
[739, -1, 1, 1517538.6291479655]
[759, -1, 1, 1897712.0487731134]
[767, -1, 1, 1986303.029677302]
[780, -1, 2, 2287570.850666153]
[797, -1, 1, 2534789.50754411]
[841, -1, 2, 4081442.20060818]
[855, -1, 1, 4376594.46461828]
[863, -1, 0, 4722482.249527812]
[882, -1, 2, 5342635.581833795]
[887, -1, 0, 5562388.844578981]
[903, -1, 3, 6642551.866069521]
[911, -1, 1, 7038202.736226841]
[922, -1, 0, 9621078.179586746]
[934, -1, 2, 11473125.173033092]
[947, -1, 2, 26295993.35486839]
[951, -1, 2, 30386547.26048252]
[980, -1, 3, 137538305.8296656]
[989, -1, 3, 224456207.63898706]
[1005, -1, 3, 355202769.8978472]
[1011, -1, 2, 398137782.29291725]
[1014, -1, 1, 415493849.72110265]
[1023, -1, 2, 488281972.1354174]
[1028, -1, 3, 535302181.36397284]
[1042, -1, 3, 625712787.9372323]
[1048, -1, 3, 665426827.1462613]
[1052, -1, 3, 689731627.283925]
[1061, -1, 3, 996126159.755083]
[1063, -1, 3, 1126718887.8520966]
[1073, -1, 3, 1327355439.3374364]
[1081, -1, 3, 1541551672.1799786]
[1087, -1, 3, 1625742002.679397]
[1100, -1, 3, 1881271525.2778676]
[1105, -1, 3, 1966079018.9926627]
[1107, -1, 3, 2018337423.1045732]
[1123, -1, 2, 2353994778.9202094]
[1132, -1, 1, 2572378560.528813]
[1187, -1, 0, 4566981263.960785]
[1189, -1, 0, 4660649109.359994]
[1196, -1, 0, 5058700897.9518385]
[1207, -1, 0, 5689833517.524724]
[1226, -1, 0, 6907153042.060589]
[1239, -1, 0, 7855266659.456657]
[1253, -1, 0, 8870313358.951948]
[1259, -1, 3, 9108529387.832336]
[1276, -1, 1, 10413185075.873995]
[1332, -1, 0, 14256648541.475054]
[1346, -1, 3, 15078498969.717033]
[1350, -1, 1, 16064723493.82034]
[1359, -1, 3, 16525994704.69427]
[1362, -1, 3, 17064600421.540184]
[1385, -1, 3, 19930205572.084663]
[1394, -1, 0, 21880811643.031048]
[1409, -1, 0, 23900564154.001537]
[1452, -1, 1, 30522479314.372704]
[1456, -1, 0, 31686718615.722248]
[1479, -1, 2, 34206776415.748085]
[1562, -1, 3, 47074393520.505844]
[1575, -1, 0, 50879214939.74465]
[1618, -1, 1, 57043306095.766335]
[1632, -1, 3, 61701266183.253334]
[1638, -1, 1, 65379125708.90647]
[1654, -1, 2, 78316969190.59868]
[1664, -1, 3, 88188964819.4581]
[1675, -1, 3, 102726961616.41501]
[1711, -1, 3, 150081857015.7536]
[1717, -1, 3, 156616106491.35526]
[1720, -1, 1, 163685622767.0459]
[1728, -1, 3, 172500525637.00116]
[1732, -1, 0, 176095495390.2939]
[1743, -1, 1, 198927568664.07736]
[1763, -1, 3, 230799776197.8982]
[1777, -1, 1, 243019479406.77185]
[1783, -1, 3, 248789978760.99503]
[1807, -1, 3, 262491355625.92062]
[1838, -1, 1, 293902472925.37195]
[1884, -1, 3, 358861473764.52954]
[1911, -1, 3, 397799441862.9388]
[1934, -1, 3, 433428592008.2386]
[1983, -1, 3, 483996968521.129]
[1990, -1, 0, 501838843473.3714]
[2003, -1, 3, 540162891198.8066]
[2050, -1, 3, 634926140889.3654]
[2065, -1, 1, 670248341218.526]
[2087, -1, 3, 738409715308.1285]
[2117, -1, 1, 804708419520.9587]
[2120, -1, 3, 833675698373.57]
[2172, -1, 1, 1084021016565.6393]
[2194, -1, 1, 1202131100421.091]
[2205, -1, 0, 1261536498052.3643]
[2226, -1, 1, 1416806646966.8596]
[2251, -1, 1, 1591566227897.7712]
[2322, -1, 0, 2040768811491.166]
[2350, -1, 1, 2314959261960.358]
[2416, -1, 0, 2616424147125.835]
[2437, -1, 1, 2853702638981.0977]
[2465, -1, 3, 3064783477136.1167]
[2481, -1, 1, 3417312682943.0903]
[2489, -1, 2, 3483168392537.4785]
[2564, -1, 3, 4677132773508.952]
[2587, -1, 1, 4896858819599.252]
[2617, -1, 0, 5085591224187.986]
[2639, -1, 2, 5184631839948.374]
[2675, -1, 1, 5625624588235.147]
[2680, -1, 3, 5744039947384.739]
[2685, -1, 3, 6076934514219.962]
[2703, -1, 3, 6502435074041.424]
[2730, -1, 1, 7336206303031.716]
[2749, -1, 1, 7738445630610.304]
[2756, -1, 3, 8067239868972.338]
[2780, -1, 1, 9713774863861.729]
[2838, -1, 0, 12939552956133.19]
[2854, -1, 0, 13357662166740.066]
[2882, -1, 0, 16168973210675.8]
[2891, -1, 3, 16573520560942.643]
[2918, -1, 1, 18034801043705.12]
[2949, -1, 1, 19240187490734.008]
[2983, -1, 3, 19963445953601.914]
[3006, -1, 0, 22023306217352.625]
[3014, -1, 2, 23305019844316.96]
[3044, -1, 0, 25006573838247.71]
[3050, -1, 0, 26364882585519.35]
[3090, -1, 1, 30379905435222.89]
[3131, -1, 1, 32939094533902.188]
[3153, -1, 0, 34301830200051.977]
[3211, -1, 0, 39805963912874.32]






-------1-------
3229 [3229, 0, -1, 41362344738914.65]
3211 [3211, -1, 0, 39805963912874.32]
3209 [3209, 0, -1, 39805963912874.32]
3204 [3204, -1, 0, 39302702826911.75]
3200 [3200, 0, -1, 39302702826911.75]
3197 [3197, 3, 0, 38606918752169.56]
3181 [3181, 0, 3, 38062295447811.19]
3172 [3172, 1, 0, 37677214085688.664]
3166 [3166, 0, 1, 36697855129094.64]
3153 [3153, -1, 0, 34301830200051.977]
3147 [3147, 1, -1, 34301830200051.977]
3131 [3131, -1, 1, 32939094533902.188]
3126 [3126, 3, -1, 32939094533902.188]
3115 [3115, 0, 3, 32267696345184.89]
3109 [3109, 1, 0, 32106163283232.7]
3090 [3090, -1, 1, 30379905435222.89]
3089 [3089, 0, -1, 30379905435222.89]
3050 [3050, -1, 0, 26364882585519.35]
3048 [3048, 0, -1, 26364882585519.35]
3044 [3044, -1, 0, 25006573838247.71]
3039 [3039, 1, -1, 25006573838247.71]
3031 [3031, -1, 1, 24766825147305.234]
3030 [3030, 0, -1, 24766825147305.234]
3024 [3024, 2, 0, 23730823137374.203]
3014 [3014, -1, 2, 23305019844316.96]
3013 [3013, 0, -1, 23305019844316.96]
3006 [3006, -1, 0, 22023306217352.625]
3005 [3005, 1, -1, 22023306217352.625]
2997 [2997, 0, 1, 21149821298548.77]
2994 [2994, 3, 0, 20874973005034.242]
2983 [2983, -1, 3, 19963445953601.914]
2979 [2979, 0, -1, 19963445953601.914]
2970 [2970, -1, 0, 19846901781801.406]
2964 [2964, 1, -1, 19846901781801.406]
2949 [2949, -1, 1, 19240187490734.008]
2948 [2948, 0, -1, 19240187490734.008]
2942 [2942, -1, 0, 19129469806765.387]
2939 [2939, 0, -1, 19129469806765.387]
2921 [2921, 1, 0, 18395749872612.875]
2918 [2918, -1, 1, 18034801043705.12]
2911 [2911, 0, -1, 18034801043705.12]
2901 [2901, 3, 0, 17761431668923.33]
2891 [2891, -1, 3, 16573520560942.643]
2889 [2889, 0, -1, 16573520560942.643]
2882 [2882, -1, 0, 16168973210675.8]
2880 [2880, 1, -1, 16168973210675.8]
2870 [2870, 0, 1, 14854936724781.146]
2864 [2864, 1, 0, 14454473098176.4]
2855 [2855, 0, 1, 13518679179176.488]
2854 [2854, -1, 0, 13357662166740.066]
2844 [2844, 0, -1, 13357662166740.066]
2838 [2838, -1, 0, 12939552956133.19]
2835 [2835, 0, -1, 12939552956133.19]
2832 [2832, 1, 0, 12784596227451.629]
2829 [2829, 0, 1, 12401651414728.496]
2824 [2824, 1, 0, 11854095833815.496]
2823 [2823, 3, 1, 11853590935936.254]
2797 [2797, 1, 3, 10467975181052.164]
2788 [2788, 3, 1, 10175983745336.455]
2782 [2782, 1, 3, 9920767144196.322]
2780 [2780, -1, 1, 9713774863861.729]
2778 [2778, 1, -1, 9713774863861.729]
2759 [2759, 3, 1, 8199648646559.024]
2756 [2756, -1, 3, 8067239868972.338]
2754 [2754, 1, -1, 8067239868972.338]
2749 [2749, -1, 1, 7738445630610.304]
2743 [2743, 1, -1, 7738445630610.304]
2741 [2741, -1, 1, 7644692693125.531]
2740 [2740, 3, -1, 7644692693125.531]
2737 [2737, -1, 3, 7520569161595.969]
2732 [2732, 1, -1, 7520569161595.969]
2730 [2730, -1, 1, 7336206303031.716]
2729 [2729, 3, -1, 7336206303031.716]
2703 [2703, -1, 3, 6502435074041.424]
2696 [2696, 1, -1, 6502435074041.424]
2687 [2687, 3, 1, 6100604387089.325]
2685 [2685, -1, 3, 6076934514219.962]
2683 [2683, 3, -1, 6076934514219.962]
2680 [2680, -1, 3, 5744039947384.739]
2678 [2678, 1, -1, 5744039947384.739]
2675 [2675, -1, 1, 5625624588235.147]
2666 [2666, 1, -1, 5625624588235.147]
2663 [2663, -1, 1, 5624879344363.142]
2662 [2662, 3, -1, 5624879344363.142]
2659 [2659, 1, 3, 5606734611065.92]
2649 [2649, 3, 1, 5298193123792.51]
2646 [2646, 2, 3, 5242688448212.997]
2639 [2639, -1, 2, 5184631839948.374]
2636 [2636, 3, -1, 5184631839948.374]
2626 [2626, 0, 3, 5151642255170.015]
2617 [2617, -1, 0, 5085591224187.986]
2614 [2614, 1, -1, 5085591224187.986]
2605 [2605, 3, 1, 5017556723821.573]
2603 [2603, -1, 3, 5014922844153.374]
2591 [2591, 1, -1, 5014922844153.374]
2587 [2587, -1, 1, 4896858819599.252]
2586 [2586, 0, -1, 4896858819599.252]
2571 [2571, 3, 0, 4770848556535.375]
2564 [2564, -1, 3, 4677132773508.952]
2562 [2562, 1, -1, 4677132773508.952]
2559 [2559, -1, 1, 4611783443892.026]
2556 [2556, 1, -1, 4611783443892.026]
2549 [2549, 3, 1, 4421585233692.064]
2537 [2537, 2, 3, 4234001615068.629]
2531 [2531, 3, 2, 4176343755094.7124]
2527 [2527, 2, 3, 4083346873076.465]
2512 [2512, 1, 2, 3948535307057.4126]
2494 [2494, 2, 1, 3525505648170.9766]
2489 [2489, -1, 2, 3483168392537.4785]
2483 [2483, 1, -1, 3483168392537.4785]
2481 [2481, -1, 1, 3417312682943.0903]
2477 [2477, 1, -1, 3417312682943.0903]
2476 [2476, 3, 1, 3312699498399.0576]
2465 [2465, -1, 3, 3064783477136.1167]
2462 [2462, 1, -1, 3064783477136.1167]
2460 [2460, -1, 1, 3017326399919.885]
2459 [2459, 2, -1, 3017326399919.885]
2449 [2449, 1, 2, 2967876845849.6704]
2437 [2437, -1, 1, 2853702638981.0977]
2434 [2434, 0, -1, 2853702638981.0977]
2416 [2416, -1, 0, 2616424147125.835]
2414 [2414, 0, -1, 2616424147125.835]
2407 [2407, -1, 0, 2603759121838.7305]
2403 [2403, 0, -1, 2603759121838.7305]
2392 [2392, 3, 0, 2546942862115.0186]
2363 [2363, 1, 3, 2445484334313.639]
2350 [2350, -1, 1, 2314959261960.358]
2347 [2347, 0, -1, 2314959261960.358]
2341 [2341, 3, 0, 2262074128062.81]
2335 [2335, 0, 3, 2210439635928.264]
2322 [2322, -1, 0, 2040768811491.166]
2317 [2317, 1, -1, 2040768811491.166]
2308 [2308, 0, 1, 1989552904085.8657]
2307 [2307, 3, 0, 1982012415489.073]
2287 [2287, 1, 3, 1842011346446.7175]
2267 [2267, 0, 1, 1693029680330.5947]
2262 [2262, 1, 0, 1656803373551.3845]
2260 [2260, 3, 1, 1635120561387.5886]
2254 [2254, 1, 3, 1606570490853.1135]
2251 [2251, -1, 1, 1591566227897.7712]
2250 [2250, 0, -1, 1591566227897.7712]
2228 [2228, 1, 0, 1424493831816.1375]
2226 [2226, -1, 1, 1416806646966.8596]
2222 [2222, 3, -1, 1416806646966.8596]
2207 [2207, 0, 3, 1324731712861.6265]
2205 [2205, -1, 0, 1261536498052.3643]
2202 [2202, 1, -1, 1261536498052.3643]
2194 [2194, -1, 1, 1202131100421.091]
2193 [2193, 3, -1, 1202131100421.091]
2178 [2178, 2, 3, 1138581062001.383]
2174 [2174, 1, 2, 1120850130619.468]
2172 [2172, -1, 1, 1084021016565.6393]
2159 [2159, 1, -1, 1084021016565.6393]
2145 [2145, 3, 1, 979826936703.6921]
2133 [2133, 1, 3, 919855397494.3888]
2122 [2122, 3, 1, 840429460654.0171]
2120 [2120, -1, 3, 833675698373.57]
2119 [2119, 1, -1, 833675698373.57]
2117 [2117, -1, 1, 804708419520.9587]
2110 [2110, 3, -1, 804708419520.9587]
2087 [2087, -1, 3, 738409715308.1285]
2082 [2082, 3, -1, 738409715308.1285]
2078 [2078, -1, 3, 728409705957.1753]
2076 [2076, 1, -1, 728409705957.1753]
2065 [2065, -1, 1, 670248341218.526]
2064 [2064, 0, -1, 670248341218.526]
2062 [2062, -1, 0, 661658568105.6713]
2060 [2060, 3, -1, 661658568105.6713]
2050 [2050, -1, 3, 634926140889.3654]
2047 [2047, 0, -1, 634926140889.3654]
2045 [2045, -1, 0, 625747465345.0752]
2040 [2040, 0, -1, 625747465345.0752]
2032 [2032, 1, 0, 597385778001.2301]
2028 [2028, 3, 1, 586833677775.088]
2012 [2012, 2, 3, 548591153459.2041]
2005 [2005, 3, 2, 546066535189.30414]
2003 [2003, -1, 3, 540162891198.8066]
2002 [2002, 0, -1, 540162891198.8066]
1990 [1990, -1, 0, 501838843473.3714]
1988 [1988, 3, -1, 501838843473.3714]
1983 [1983, -1, 3, 483996968521.129]
1969 [1969, 1, -1, 483996968521.129]
1965 [1965, -1, 1, 480880453174.7159]
1964 [1964, 3, -1, 480880453174.7159]
1961 [1961, -1, 3, 475614761973.825]
1959 [1959, 1, -1, 475614761973.825]
1955 [1955, -1, 1, 466995056054.86127]
1954 [1954, 0, -1, 466995056054.86127]
1941 [1941, 3, 0, 451022483205.54315]
1934 [1934, -1, 3, 433428592008.2386]
1932 [1932, 2, -1, 433428592008.2386]
1922 [1922, 1, 2, 425315261407.10376]
1912 [1912, 3, 1, 400633279779.6662]
1911 [1911, -1, 3, 397799441862.9388]
1907 [1907, 3, -1, 397799441862.9388]
1905 [1905, 1, 3, 386782073146.20734]
1901 [1901, 3, 1, 385216823189.8761]
1896 [1896, 2, 3, 376348767575.71027]
1890 [1890, 3, 2, 374759227460.95245]
1884 [1884, -1, 3, 358861473764.52954]
1880 [1880, 3, -1, 358861473764.52954]
1869 [1869, 1, 3, 335079867792.4071]
1868 [1868, 2, 1, 331386473899.53815]
1865 [1865, 3, 2, 328602759263.42975]
1859 [1859, 1, 3, 321322205262.2855]
1853 [1853, 0, 1, 319470169709.73865]
1849 [1849, 1, 0, 315527257169.49445]
1846 [1846, 3, 1, 305931052994.8224]
1840 [1840, 1, 3, 300077624180.7088]
1838 [1838, -1, 1, 293902472925.37195]
1836 [1836, 3, -1, 293902472925.37195]
1835 [1835, -1, 3, 293815122677.8971]
1834 [1834, 0, -1, 293815122677.8971]
1812 [1812, 3, 0, 271492919556.30542]
1807 [1807, -1, 3, 262491355625.92062]
1802 [1802, 1, -1, 262491355625.92062]
1800 [1800, 3, 1, 258610942312.94095]
1783 [1783, -1, 3, 248789978760.99503]
1782 [1782, 0, -1, 248789978760.99503]
1779 [1779, 1, 0, 247198010027.91415]
1777 [1777, -1, 1, 243019479406.77185]
1776 [1776, 3, -1, 243019479406.77185]
1763 [1763, -1, 3, 230799776197.8982]
1762 [1762, 1, -1, 230799776197.8982]
1759 [1759, 3, 1, 223889385767.71667]
1755 [1755, 1, 3, 212541121463.791]
1743 [1743, -1, 1, 198927568664.07736]
1742 [1742, 3, -1, 198927568664.07736]
1739 [1739, 0, 3, 182558886975.66937]
1732 [1732, -1, 0, 176095495390.2939]
1730 [1730, 3, -1, 176095495390.2939]
1728 [1728, -1, 3, 172500525637.00116]
1727 [1727, 3, -1, 172500525637.00116]
1722 [1722, 1, 3, 164364401380.13034]
1720 [1720, -1, 1, 163685622767.0459]
1719 [1719, 3, -1, 163685622767.0459]
1717 [1717, -1, 3, 156616106491.35526]
1716 [1716, 3, -1, 156616106491.35526]
1711 [1711, -1, 3, 150081857015.7536]
1710 [1710, 3, -1, 150081857015.7536]
1701 [1701, 1, 3, 129978753669.82141]
1697 [1697, 3, 1, 124648523730.95287]
1694 [1694, 2, 3, 119604754615.13234]
1690 [1690, 3, 2, 119358416628.16582]
1685 [1685, 1, 3, 112641372207.33478]
1683 [1683, 3, 1, 112554947948.72609]
1682 [1682, 1, 3, 110168784805.89655]
1679 [1679, 3, 1, 108437821209.95808]
1675 [1675, -1, 3, 102726961616.41501]
1674 [1674, 3, -1, 102726961616.41501]
1672 [1672, 0, 3, 97707286715.62866]
1667 [1667, 3, 0, 96279805180.54378]
1664 [1664, -1, 3, 88188964819.4581]
1663 [1663, 3, -1, 88188964819.4581]
1662 [1662, 1, 3, 83982191409.63509]
1658 [1658, 2, 1, 80655717898.52202]
1654 [1654, -1, 2, 78316969190.59868]
1653 [1653, 1, -1, 78316969190.59868]
1647 [1647, 0, 1, 72600893204.3929]
1645 [1645, 1, 0, 72233946816.34169]
1638 [1638, -1, 1, 65379125708.90647]
1637 [1637, 3, -1, 65379125708.90647]
1632 [1632, -1, 3, 61701266183.253334]
1631 [1631, 0, -1, 61701266183.253334]
1628 [1628, 1, 0, 61364778831.12033]
1618 [1618, -1, 1, 57043306095.766335]
1617 [1617, 0, -1, 57043306095.766335]
1612 [1612, -1, 0, 56324478418.348724]
1607 [1607, 0, -1, 56324478418.348724]
1603 [1603, -1, 0, 55563950292.87502]
1600 [1600, 0, -1, 55563950292.87502]
1593 [1593, 3, 0, 55311610811.71723]
1585 [1585, 0, 3, 53021968846.47342]
1575 [1575, -1, 0, 50879214939.74465]
1574 [1574, 1, -1, 50879214939.74465]
1571 [1571, 3, 1, 49466974612.84073]
1562 [1562, -1, 3, 47074393520.505844]
1560 [1560, 1, -1, 47074393520.505844]
1555 [1555, 0, 1, 46247932658.77802]
1537 [1537, 3, 0, 42548591694.46466]
1530 [1530, 0, 3, 41149487183.94553]
1528 [1528, 1, 0, 40785597381.670784]
1510 [1510, 0, 1, 38061978083.81219]
1508 [1508, 3, 0, 37878634931.59079]
1489 [1489, 0, 3, 35083088931.54739]
1486 [1486, 3, 0, 34846153082.65996]
1485 [1485, 2, 3, 34780449356.980934]
1479 [1479, -1, 2, 34206776415.748085]
1474 [1474, 1, -1, 34206776415.748085]
1472 [1472, 3, 1, 33646931736.701435]
1466 [1466, 0, 3, 32716021445.102882]
1456 [1456, -1, 0, 31686718615.722248]
1455 [1455, 1, -1, 31686718615.722248]
1452 [1452, -1, 1, 30522479314.372704]
1450 [1450, 3, -1, 30522479314.372704]
1449 [1449, 1, 3, 30207549860.329178]
1447 [1447, 0, 1, 29903208007.99856]
1436 [1436, 3, 0, 28728834958.942825]
1432 [1432, 0, 3, 28446406443.152035]
1429 [1429, 3, 0, 27602858127.35143]
1426 [1426, 0, 3, 25948023555.526237]
1421 [1421, 1, 0, 25345648560.81683]
1415 [1415, 2, 1, 24732336497.628002]
1413 [1413, 0, 2, 24359634311.528046]
1409 [1409, -1, 0, 23900564154.001537]
1407 [1407, 3, -1, 23900564154.001537]
1404 [1404, 0, 3, 23484121695.40227]
1400 [1400, 3, 0, 23389228008.971233]
1397 [1397, 0, 3, 22367888263.179604]
1394 [1394, -1, 0, 21880811643.031048]
1393 [1393, 3, -1, 21880811643.031048]
1385 [1385, -1, 3, 19930205572.084663]
1384 [1384, 2, -1, 19930205572.084663]
1372 [1372, 3, 2, 18997353031.90961]
1366 [1366, 2, 3, 17627167779.257988]
1364 [1364, 3, 2, 17514189105.08748]
1362 [1362, -1, 3, 17064600421.540184]
1360 [1360, 3, -1, 17064600421.540184]
1359 [1359, -1, 3, 16525994704.69427]
1358 [1358, 0, -1, 16525994704.69427]
1356 [1356, 1, 0, 16400388826.959272]
1350 [1350, -1, 1, 16064723493.82034]
1349 [1349, 3, -1, 16064723493.82034]
1346 [1346, -1, 3, 15078498969.717033]
1343 [1343, 1, -1, 15078498969.717033]
1337 [1337, 0, 1, 14631743131.371187]
1332 [1332, -1, 0, 14256648541.475054]
1330 [1330, 1, -1, 14256648541.475054]
1313 [1313, 0, 1, 12996596579.53796]
1307 [1307, 1, 0, 12750324184.981457]
1297 [1297, 2, 1, 11993987121.753222]
1291 [1291, 3, 2, 11709397901.986593]
1284 [1284, 0, 3, 11097730672.902678]
1280 [1280, 3, 0, 10708298384.700592]
1278 [1278, 1, 3, 10459550039.287086]
1276 [1276, -1, 1, 10413185075.873995]
1272 [1272, 1, -1, 10413185075.873995]
1267 [1267, 0, 1, 10010165021.61415]
1264 [1264, 3, 0, 9320096545.608488]
1259 [1259, -1, 3, 9108529387.832336]
1257 [1257, 0, -1, 9108529387.832336]
1253 [1253, -1, 0, 8870313358.951948]
1252 [1252, 0, -1, 8870313358.951948]
1247 [1247, 3, 0, 8499925098.2950115]
1244 [1244, 0, 3, 8447639886.8720045]
1243 [1243, 1, 0, 8212582941.256284]
1240 [1240, 0, 1, 7965738253.811043]
1239 [1239, -1, 0, 7855266659.456657]
1237 [1237, 0, -1, 7855266659.456657]
1236 [1236, 1, 0, 7792043325.895228]
1235 [1235, 0, 1, 7783740634.582307]
1226 [1226, -1, 0, 6907153042.060589]
1225 [1225, 3, -1, 6907153042.060589]
1222 [1222, 0, 3, 6741727896.799575]
1220 [1220, 1, 0, 6467468448.056623]
1217 [1217, 2, 1, 6312173203.015725]
1216 [1216, 3, 2, 6283601652.006521]
1215 [1215, 0, 3, 6194016050.326651]
1211 [1211, 1, 0, 5899723076.04679]
1208 [1208, 0, 1, 5843906576.58074]
1207 [1207, -1, 0, 5689833517.524724]
1206 [1206, 3, -1, 5689833517.524724]
1204 [1204, 0, 3, 5616568164.19615]
1200 [1200, 1, 0, 5357066487.048516]
1199 [1199, 0, 1, 5291535083.446187]
1196 [1196, -1, 0, 5058700897.9518385]
1193 [1193, 3, -1, 5058700897.9518385]
1192 [1192, 0, 3, 5014721119.92504]
1189 [1189, -1, 0, 4660649109.359994]
1188 [1188, 0, -1, 4660649109.359994]
1187 [1187, -1, 0, 4566981263.960785]
1185 [1185, 3, -1, 4566981263.960785]
1176 [1176, 1, 3, 4135015833.9443097]
1174 [1174, 2, 1, 4115800172.2129683]
1168 [1168, 3, 2, 3981916584.562352]
1165 [1165, 0, 3, 3809561312.5394454]
1158 [1158, 1, 0, 3595745329.367118]
1155 [1155, 3, 1, 3463373981.396881]
1153 [1153, 2, 3, 3422350272.06164]
1149 [1149, 3, 2, 3209370793.94014]
1138 [1138, 2, 3, 2684230353.9681144]
1135 [1135, 1, 2, 2626373878.047734]
1132 [1132, -1, 1, 2572378560.528813]
1130 [1130, 3, -1, 2572378560.528813]
1126 [1126, 2, 3, 2455469254.5849094]
1123 [1123, -1, 2, 2353994778.9202094]
1122 [1122, 1, -1, 2353994778.9202094]
1119 [1119, 2, 1, 2306089439.093101]
1115 [1115, 0, 2, 2236498175.6593657]
1110 [1110, 3, 0, 2185229607.8140726]
1107 [1107, -1, 3, 2018337423.1045732]
1106 [1106, 3, -1, 2018337423.1045732]
1105 [1105, -1, 3, 1966079018.9926627]
1103 [1103, 2, -1, 1966079018.9926627]
1101 [1101, 3, 2, 1941112848.1611667]
1100 [1100, -1, 3, 1881271525.2778676]
1099 [1099, 2, -1, 1881271525.2778676]
1094 [1094, 1, 2, 1838213299.7805762]
1093 [1093, 3, 1, 1827978227.792489]
1087 [1087, -1, 3, 1625742002.679397]
1085 [1085, 3, -1, 1625742002.679397]
1081 [1081, -1, 3, 1541551672.1799786]
1080 [1080, 3, -1, 1541551672.1799786]
1078 [1078, 2, 3, 1510460572.2169933]
1075 [1075, 3, 2, 1433899509.6191616]
1073 [1073, -1, 3, 1327355439.3374364]
1072 [1072, 1, -1, 1327355439.3374364]
1071 [1071, 3, 1, 1319263618.013347]
1068 [1068, 2, 3, 1198745988.8856049]
1065 [1065, 3, 2, 1174191571.867992]
1063 [1063, -1, 3, 1126718887.8520966]
1062 [1062, 3, -1, 1126718887.8520966]
1061 [1061, -1, 3, 996126159.755083]
1060 [1060, 2, -1, 996126159.755083]
1058 [1058, 3, 2, 929332444.3121862]
1052 [1052, -1, 3, 689731627.283925]
1049 [1049, 3, -1, 689731627.283925]
1048 [1048, -1, 3, 665426827.1462613]
1047 [1047, 0, -1, 665426827.1462613]
1043 [1043, 3, 0, 665207554.9689962]
1042 [1042, -1, 3, 625712787.9372323]
1041 [1041, 1, -1, 625712787.9372323]
1034 [1034, 2, 1, 582076839.3523608]
1032 [1032, 3, 2, 580484576.5231856]
1028 [1028, -1, 3, 535302181.36397284]
1027 [1027, 2, -1, 535302181.36397284]
1026 [1026, -1, 2, 533324317.31416136]
1025 [1025, 3, -1, 533324317.31416136]
1024 [1024, 2, 3, 510432314.2068003]
1023 [1023, -1, 2, 488281972.1354174]
1022 [1022, 1, -1, 488281972.1354174]
1021 [1021, -1, 1, 483839619.1892008]
1020 [1020, 3, -1, 483839619.1892008]
1019 [1019, 1, 3, 453536590.83595777]
1014 [1014, -1, 1, 415493849.72110265]
1013 [1013, 2, -1, 415493849.72110265]
1011 [1011, -1, 2, 398137782.29291725]
1010 [1010, 3, -1, 398137782.29291725]
1005 [1005, -1, 3, 355202769.8978472]
1004 [1004, 1, -1, 355202769.8978472]
1002 [1002, 2, 1, 337612049.8306872]
1000 [1000, 1, 2, 326954380.88183904]
999 [999, 2, 1, 323842574.9904346]
991 [991, 3, 2, 248666275.60161406]
989 [989, -1, 3, 224456207.63898706]
988 [988, 3, -1, 224456207.63898706]
986 [986, 2, 3, 202932040.98132905]
985 [985, 3, 2, 193054501.79283303]
980 [980, -1, 3, 137538305.8296656]
979 [979, 1, -1, 137538305.8296656]
975 [975, 3, 1, 129338291.0817043]
974 [974, 1, 3, 117729424.26045051]
971 [971, 3, 1, 108808570.20279737]
970 [970, 2, 3, 104648180.73700315]
966 [966, 3, 2, 87419266.76275918]
964 [964, 2, 3, 83140961.9544485]
963 [963, 3, 2, 77748605.80118105]
962 [962, 1, 3, 64415634.2970991]
960 [960, 2, 1, 57726014.61283593]
959 [959, 0, 2, 56986166.91834479]
958 [958, 2, 0, 56816653.67201257]
956 [956, 1, 2, 46450320.050513655]
955 [955, 3, 1, 45319634.63806272]
954 [954, 0, 3, 42917953.31864998]
952 [952, 2, 0, 42376142.86365056]
951 [951, -1, 2, 30386547.26048252]
949 [949, 1, -1, 30386547.26048252]
948 [948, 2, 1, 28293022.341578424]
947 [947, -1, 2, 26295993.35486839]
944 [944, 2, -1, 26295993.35486839]
942 [942, 1, 2, 14531008.364814099]
941 [941, 3, 1, 14487058.380766308]
938 [938, 1, 3, 14352377.132674992]
937 [937, 2, 1, 14206828.17082464]
934 [934, -1, 2, 11473125.173033092]
933 [933, 3, -1, 11473125.173033092]
932 [932, -1, 3, 11413008.041871486]
931 [931, 1, -1, 11413008.041871486]
927 [927, 3, 1, 10182018.731698737]
925 [925, 0, 3, 10027749.974376319]
922 [922, -1, 0, 9621078.179586746]
921 [921, 3, -1, 9621078.179586746]
918 [918, 1, 3, 9464325.192948315]
916 [916, 0, 1, 8766491.65051228]
915 [915, 1, 0, 8713916.155918876]
911 [911, -1, 1, 7038202.736226841]
909 [909, 2, -1, 7038202.736226841]
908 [908, 3, 2, 7033218.732061947]
906 [906, 2, 3, 6877355.165884831]
905 [905, 3, 2, 6818749.451486187]
903 [903, -1, 3, 6642551.866069521]
901 [901, 2, -1, 6642551.866069521]
900 [900, 3, 2, 6631801.688435224]
898 [898, 2, 3, 6384887.003711724]
897 [897, 1, 2, 6381779.891142283]
896 [896, 2, 1, 6230575.202539137]
895 [895, 1, 2, 6160197.029359811]
893 [893, 3, 1, 5935001.534007397]
889 [889, 0, 3, 5691754.224962506]
887 [887, -1, 0, 5562388.844578981]
885 [885, 0, -1, 5562388.844578981]
884 [884, 2, 0, 5422531.850257225]
882 [882, -1, 2, 5342635.581833795]
874 [874, 0, -1, 5342635.581833795]
871 [871, 2, 0, 5038842.700903454]
869 [869, 1, 2, 4996503.592881679]
865 [865, 0, 1, 4727729.230329097]
863 [863, -1, 0, 4722482.249527812]
862 [862, 1, -1, 4722482.249527812]
855 [855, -1, 1, 4376594.46461828]
854 [854, 1, -1, 4376594.46461828]
848 [848, 3, 1, 4231311.441443828]
844 [844, 1, 3, 4161302.6798748267]
843 [843, 2, 1, 4093037.3852170995]
841 [841, -1, 2, 4081442.20060818]
840 [840, 1, -1, 4081442.20060818]
838 [838, 2, 1, 4076565.5266256626]
833 [833, 1, 2, 3900036.1350220526]
828 [828, 3, 1, 3579613.1444300385]
825 [825, 1, 3, 3493951.8796466407]
819 [819, 2, 1, 3364245.1694310796]
816 [816, 3, 2, 3276626.514603206]
815 [815, 0, 3, 3179161.942069649]
811 [811, 3, 0, 3103969.5521686315]
808 [808, 1, 3, 2990543.1410966148]
807 [807, 3, 1, 2977235.9046731824]
806 [806, 2, 3, 2860537.12872519]
805 [805, 0, 2, 2838062.035643221]
803 [803, 2, 0, 2798249.0614762125]
802 [802, 3, 2, 2740058.6745046037]
801 [801, 1, 3, 2653384.113453473]
797 [797, -1, 1, 2534789.50754411]
795 [795, 2, -1, 2534789.50754411]
793 [793, 1, 2, 2472856.183417459]
791 [791, 3, 1, 2392056.5526964893]
789 [789, 2, 3, 2375438.63942629]
787 [787, 1, 2, 2350836.910108205]
782 [782, 2, 1, 2292347.568510995]
780 [780, -1, 2, 2287570.850666153]
779 [779, 1, -1, 2287570.850666153]
778 [778, 0, 1, 2231795.3869681386]
776 [776, 3, 0, 2214519.3084006147]
771 [771, 2, 3, 2107692.18851139]
770 [770, 3, 2, 2076449.6639061023]
768 [768, 1, 3, 2021081.3478705157]
767 [767, -1, 1, 1986303.029677302]
766 [766, 2, -1, 1986303.029677302]
763 [763, 1, 2, 1970709.2875128258]
759 [759, -1, 1, 1897712.0487731134]
757 [757, 2, -1, 1897712.0487731134]
751 [751, 1, 2, 1763671.3058613208]
750 [750, 3, 1, 1735726.4447196804]
748 [748, 0, 3, 1717919.9602445848]
747 [747, 2, 0, 1690342.8089647812]
744 [744, 1, 2, 1605382.1836388372]
739 [739, -1, 1, 1517538.6291479655]
738 [738, 3, -1, 1517538.6291479655]
736 [736, 1, 3, 1482983.8162624575]
733 [733, 3, 1, 1429268.8435697032]
730 [730, 2, 3, 1371534.4989390282]
729 [729, 3, 2, 1324498.657779801]
728 [728, 0, 3, 1318827.610072479]
722 [722, 3, 0, 1255463.3450119745]
721 [721, 1, 3, 1227837.47948014]
715 [715, -1, 1, 1192859.3305439574]
714 [714, 2, -1, 1192859.3305439574]
713 [713, -1, 2, 1186122.3993874937]
710 [710, 1, -1, 1186122.3993874937]
707 [707, -1, 1, 1121864.8263608846]
706 [706, 0, -1, 1121864.8263608846]
702 [702, -1, 0, 1069310.1615879098]
699 [699, 1, -1, 1069310.1615879098]
693 [693, 0, 1, 996472.9629352817]
691 [691, 1, 0, 976088.3889027545]
687 [687, -1, 1, 937065.1234936358]
686 [686, 2, -1, 937065.1234936358]
684 [684, -1, 2, 923633.5442918191]
683 [683, 3, -1, 923633.5442918191]
681 [681, 1, 3, 897611.3042899003]
677 [677, 0, 1, 884416.2227894643]
663 [663, 2, 0, 739681.9334970799]
661 [661, 3, 2, 729186.6122547683]
659 [659, -1, 3, 717237.5203155583]
658 [658, 1, -1, 717237.5203155583]
641 [641, 2, 1, 636132.4674592217]
635 [635, 0, 2, 628777.8909699696]
632 [632, 1, 0, 588301.0284282726]
631 [631, 0, 1, 587086.310856721]
629 [629, -1, 0, 579969.2435094144]
627 [627, 0, -1, 579969.2435094144]
625 [625, -1, 0, 557754.9015375988]
622 [622, 1, -1, 557754.9015375988]
619 [619, 2, 1, 544341.9416075776]
618 [618, 0, 2, 542146.0999814047]
609 [609, 1, 0, 482452.15862744005]
605 [605, 0, 1, 475293.7908799247]
603 [603, -1, 0, 448183.78393120656]
600 [600, 0, -1, 448183.78393120656]
598 [598, -1, 0, 420391.91754947585]
596 [596, 0, -1, 420391.91754947585]
592 [592, -1, 0, 376135.0022347761]
590 [590, 0, -1, 376135.0022347761]
586 [586, -1, 0, 329733.2862805981]
584 [584, 0, -1, 329733.2862805981]
576 [576, 2, 0, 244808.5920408066]
574 [574, 0, 2, 244682.46929853098]
573 [573, -1, 0, 237638.79922484152]
569 [569, 0, -1, 237638.79922484152]
567 [567, 3, 0, 222684.28061947162]
562 [562, -1, 3, 222639.39425755732]
559 [559, 1, -1, 222639.39425755732]
558 [558, -1, 1, 221814.54375445895]
557 [557, 0, -1, 221814.54375445895]
555 [555, 1, 0, 210139.48768850026]
550 [550, 0, 1, 205256.80817890936]
544 [544, 2, 0, 182595.2664947026]
538 [538, 1, 2, 178293.28156001653]
533 [533, 0, 1, 173921.97936676187]
530 [530, -1, 0, 158551.99862730814]
529 [529, 1, -1, 158551.99862730814]
526 [526, -1, 1, 155106.11235023945]
523 [523, 0, -1, 155106.11235023945]
521 [521, 1, 0, 146394.64224414868]
517 [517, -1, 1, 139378.9376419144]
516 [516, 0, -1, 139378.9376419144]
514 [514, -1, 0, 125187.49925486736]
513 [513, 0, -1, 125187.49925486736]
511 [511, 1, 0, 115718.86045772179]
509 [509, 0, 1, 113851.19855337178]
505 [505, 1, 0, 87156.4288489841]
502 [502, -1, 1, 85765.81351167551]
500 [500, 0, -1, 85765.81351167551]
499 [499, 1, 0, 78658.08467893233]
493 [493, 0, 1, 75306.91587398072]
492 [492, 1, 0, 73050.89491678063]
491 [491, 0, 1, 71603.44007319375]
488 [488, -1, 0, 60506.33564323876]
484 [484, 1, -1, 60506.33564323876]
481 [481, 0, 1, 59651.44721629101]
479 [479, -1, 0, 56442.91398328058]
477 [477, 0, -1, 56442.91398328058]
476 [476, 3, 0, 49468.98106015062]
469 [469, -1, 3, 49269.30331897317]
468 [468, 0, -1, 49269.30331897317]
467 [467, 3, 0, 43698.30367879569]
465 [465, 0, 3, 43617.717239014506]
464 [464, 1, 0, 43023.89088171446]
463 [463, 2, 1, 42572.57018437081]
461 [461, 0, 2, 42173.19304613271]
460 [460, 1, 0, 40367.31533127054]
455 [455, -1, 1, 38856.116307659264]
452 [452, 0, -1, 38856.116307659264]
451 [451, -1, 0, 38413.197180771844]
450 [450, 1, -1, 38413.197180771844]
449 [449, -1, 1, 37270.23722561797]
446 [446, 1, -1, 37270.23722561797]
437 [437, 3, 1, 33246.34839954924]
435 [435, 1, 3, 33129.00479527019]
434 [434, 2, 1, 32833.476017776535]
433 [433, 0, 2, 32721.54137575126]
432 [432, 1, 0, 31995.509795932467]
430 [430, 0, 1, 30948.21267802777]
428 [428, 3, 0, 30185.587655051222]
425 [425, 0, 3, 30125.523234775213]
423 [423, -1, 0, 29081.65321770944]
419 [419, 1, -1, 29081.65321770944]
413 [413, 2, 1, 27145.591439073054]
407 [407, -1, 2, 26244.81248619491]
403 [403, 1, -1, 26244.81248619491]
399 [399, 2, 1, 25013.384577768407]
393 [393, 1, 2, 24687.025731421665]
392 [392, 3, 1, 24259.311214471098]
391 [391, -1, 3, 24076.031312959316]
390 [390, 2, -1, 24076.031312959316]
388 [388, -1, 2, 23624.164765758607]
387 [387, 2, -1, 23624.164765758607]
379 [379, 1, 2, 22523.508076371832]
373 [373, 0, 1, 21006.932632391166]
370 [370, 1, 0, 20891.2190059116]
369 [369, -1, 1, 20586.037456604055]
367 [367, 1, -1, 20586.037456604055]
363 [363, 0, 1, 18978.744625955624]
362 [362, -1, 0, 18826.021391469912]
361 [361, 1, -1, 18826.021391469912]
356 [356, 3, 1, 16433.532637076984]
354 [354, 0, 3, 16249.010779837983]
351 [351, 1, 0, 15672.597104242423]
349 [349, -1, 1, 15025.42745418084]
348 [348, 1, -1, 15025.42745418084]
346 [346, -1, 1, 14340.59801125821]
344 [344, 0, -1, 14340.59801125821]
340 [340, -1, 0, 13817.01663652781]
338 [338, 1, -1, 13817.01663652781]
337 [337, -1, 1, 13766.112319178956]
336 [336, 0, -1, 13766.112319178956]
331 [331, 1, 0, 12803.212327332678]
330 [330, -1, 1, 12798.5749093227]
329 [329, 0, -1, 12798.5749093227]
326 [326, 1, 0, 12461.77513237753]
325 [325, 3, 1, 12403.321800821934]
324 [324, -1, 3, 12358.651675656998]
323 [323, 1, -1, 12358.651675656998]
313 [313, -1, 1, 10342.773378729155]
312 [312, 1, -1, 10342.773378729155]
310 [310, -1, 1, 9976.855618982265]
309 [309, 1, -1, 9976.855618982265]
308 [308, -1, 1, 9571.308523969921]
307 [307, 1, -1, 9571.308523969921]
302 [302, -1, 1, 8599.508701468334]
301 [301, 0, -1, 8599.508701468334]
296 [296, -1, 0, 8211.57909821512]
294 [294, 1, -1, 8211.57909821512]
289 [289, -1, 1, 7414.894845556614]
287 [287, 2, -1, 7414.894845556614]
283 [283, 1, 2, 7317.198973335087]
280 [280, -1, 1, 7138.540122867682]
274 [274, 1, -1, 7138.540122867682]
269 [269, -1, 1, 6804.536886013793]
268 [268, 1, -1, 6804.536886013793]
264 [264, 0, 1, 6591.148441375075]
261 [261, -1, 0, 6491.533164839687]
260 [260, 1, -1, 6491.533164839687]
258 [258, 0, 1, 6282.816460478876]
257 [257, 3, 0, 6100.702358326887]
252 [252, 1, 3, 5912.476994449376]
251 [251, -1, 1, 5829.1989539391725]
250 [250, 2, -1, 5829.1989539391725]
247 [247, 0, 2, 5727.911356607904]
246 [246, -1, 0, 5655.728104619399]
245 [245, 1, -1, 5655.728104619399]
244 [244, -1, 1, 5484.678769544583]
242 [242, 1, -1, 5484.678769544583]
236 [236, 0, 1, 5007.137205944288]
234 [234, 1, 0, 4979.849655590961]
226 [226, 2, 1, 4332.155453581851]
220 [220, 1, 2, 4199.753332133453]
212 [212, 3, 1, 3733.2976018195072]
208 [208, 0, 3, 3630.1986027662924]
206 [206, 1, 0, 3557.755190924229]
196 [196, 0, 1, 3141.7815040038477]
193 [193, -1, 0, 3099.4786645035074]
191 [191, 0, -1, 3099.4786645035074]
185 [185, 1, 0, 2929.1229566756588]
184 [184, -1, 1, 2915.411322009109]
182 [182, 2, -1, 2915.411322009109]
179 [179, 0, 2, 2905.8013038003633]
174 [174, 1, 0, 2871.1019848726455]
173 [173, -1, 1, 2814.629412928822]
172 [172, 3, -1, 2814.629412928822]
170 [170, -1, 3, 2812.6715571001455]
168 [168, 2, -1, 2812.6715571001455]
163 [163, 1, 2, 2731.285620518015]
148 [148, -1, 1, 2269.772636862891]
142 [142, 0, -1, 2269.772636862891]
136 [136, 1, 0, 2240.244398004627]
133 [133, 3, 1, 2150.0063962573518]
129 [129, 1, 3, 2124.1006787470865]
123 [123, -1, 1, 2006.3257364306262]
122 [122, 2, -1, 2006.3257364306262]
117 [117, -1, 2, 1922.9607051428782]
116 [116, 0, -1, 1922.9607051428782]
105 [105, 2, 0, 1898.5690041552966]
97 [97, 1, 2, 1766.9115637700845]
85 [85, 3, 1, 1591.9901300684735]
81 [81, 2, 3, 1550.9827524193288]
76 [76, 3, 2, 1485.3136698112849]
75 [75, 2, 3, 1468.6986475602525]
66 [66, 3, 2, 1380.149116796998]
62 [62, 2, 3, 1374.1106593371485]
55 [55, 1, 2, 1324.5101666536555]
52 [52, -1, 1, 1280.1038012530746]
51 [51, 1, -1, 1280.1038012530746]
44 [44, 3, 1, 1268.9890419853737]
35 [35, -1, 3, 1225.392545329077]
29 [29, 1, -1, 1225.392545329077]
23 [23, -1, 1, 1156.395541450298]
22 [22, 3, -1, 1156.395541450298]
16 [16, 1, 3, 1142.1197874654326]
7 [7, -1, 1, 1018.0309132147077]
1 [1, 2, -1, 1018.0309132147077]
0 [0, -1, 2, 1000.0]

